1591491298.06	750	4	0.014	450283	3	-0.06020000000000003
1591491298.72	4300	8	0.0	2123065	24	0.75
1591491298.88	4300	12	0.0	2177073	91	4.3
1591491298.99	4300	16.0	0.0	2160877	62	4.3
1591491299.04	4300	20	0.0	2233056	23	4.3
1591491299.09	4300	24	0.0	1941625	34	4.3
1591491299.12	4300	28	0.0	2157535	10	4.3
1591491299.15	4300	32	0.0	2290172	11	4.3
1591491299.18	4300	36	0.0	2055469	11	4.3
1591491299.23	4300	40	0.0	2169201	29	4.3
1591491299.27	4300	44	0.0	2173522	19	4.3
1591491299.32	4300	48	0.0	2102452	31	4.3
1591491299.35	4300	52	0.0	2209463	11	4.3
1591491299.38	4300	56	0.0	2275376	11	4.3
1591491301.42	4300	59.499619	0.0	2005399	18	4.3
