1591489692.25	750	4	0.367	450283	351	-1.5780999999999998
1591489693.07	1850	8	0.0	957685	724	0.75
1591489693.58	1850	12	0.0	877771	501	1.85
1591489694.11	1850	16.0	0.0	933276	504	1.85
1591489695.44	4300	20	0.0	2233056	1303	1.8499999999999996
1591489696.63	4300	24	0.0	1941625	1174	4.3
1591489698.01	4300	28	0.0	2157535	1355	4.3
1591489699.3	4300	32	0.0	2290172	1273	4.3
1591489700.95	4300	36	0.0	2055469	1629	4.3
1591489702.2	4300	40	0.0	2169201	1229	4.3
1591489703.97	4300	44	0.0	2173522	1745	4.3
1591489705.37	4300	48	0.0	2102452	1378	4.3
1591489706.84	4300	52	0.0	2209463	1455	4.3
1591489708.31	4300	56	0.0	2275376	1444	4.3
