1591490406.0	750	4	0.02	450283	2	-0.08599999999999997
1591490406.11	4300	8	0.0	2123065	12	0.75
1591490406.14	4300	12	0.0	2177073	8	4.3
1591490406.16	4300	16.0	0.0	2160877	9	4.3
1591490406.21	4300	20	0.0	2233056	27	4.3
1591490406.24	4300	24	0.0	1941625	7	4.3
1591490406.27	4300	28	0.0	2157535	13	4.3
1591490406.3	4300	32	0.0	2290172	10	4.3
1591490406.34	4300	36	0.0	2055469	9	4.3
1591490406.39	4300	40	0.0	2169201	9	4.3
1591490406.41	4300	44	0.0	2173522	9	4.3
1591490406.43	4300	48	0.0	2102452	7	4.3
1591490406.46	4300	52	0.0	2209463	8	4.3
1591490406.48	4300	56	0.0	2275376	7	4.3
