1591488088.72	750	4	0.01	450283	2	-0.04300000000000004
1591488091.02	4300	7.743068	0.0	2123065	1773	0.75
1591488092.34	4300	10.421614	0.0	2177073	1280	4.3
1591488092.92	1850	13.835461	0.0	933276	531	-0.6000000000000001
1591488093.06	300	17.702512	0.0	163442	91	-1.25
1591488093.15	300	21.608156	0.0	126289	68	0.3
1591488093.27	300	25.489829	0.0	153295	98	0.3
1591488093.47	300	29.296913	0.0	173849	143	0.3
1591488093.72	750	33.036526	0.0	374758	222	0.3
1591488095.06	4300	35.699245	0.0	2169201	1300	0.75
1591488096.42	4300	38.33903	0.0	2173522	1327	4.3
1591488097.73	4300	41.032618	0.0	2102452	1269	4.3
1591488099.12	4300	43.642373	0.0	2209463	1358	4.3
1591488100.6	4300	46.159375	0.0	2275376	1448	4.3
1591488101.87	4300	48.888453	0.0	2005399	1243	4.3
1591488103.22	4300	51.543055	0.0	2152483	1316	4.3
1591488104.67	4300	12.210342	0.0	2289689	1409	4.3
1591488105.93	4300	10.183884	0.0	2059512	1233	4.3
1591488107.31	4300	9.326214	0.0	2220726	1340	4.3
1591488108.69	4300	12.038992	0.0	2156729	1312	4.3
1591488109.94	4300	12.207005	0.0	2039773	1217	4.3
1591488111.25	4300	10.288842	0.0	2176469	1282	4.3
1591488112.62	4300	12.918085	0.0	2221506	1343	4.3
1591488114.4	4300	10.237602	0.0	2044075	1746	4.3
1591488115.84	4300	12.794288	0.0	2186790	1414	4.3
1591488117.09	4300	15.548668	0.0	2105231	1211	4.3
1591488118.83	4300	17.80739	0.0	2395588	1703	4.3
1591488120.4	4300	20.242392	0.0	1972048	1535	4.3
1591488122.02	4300	22.615122	0.0	2134614	1590	4.3
1591488123.41	4300	25.230089	0.0	2164140	1315	4.3
1591488124.58	4300	28.0555	0.0	2113193	1146	4.3
1591488129.34	4300	59.989294	0.0	2147852	1716	4.3
1591488131.06	4300	7.536854	0.0	2191074	1665	4.3
1591488132.81	4300	9.786579	0.0	2286761	1714	4.3
1591488134.23	4300	12.369947	0.0	2307787	1388	4.3
1591488135.58	4300	15.012891	0.0	2143948	1320	4.3
1591488136.79	4300	17.811014	0.0	1919781	1161	4.3
1591488138.08	4300	20.515938	0.0	2147467	1260	4.3
1591488139.57	4300	23.028605	0.0	2133870	1456	4.3
1591488141.1	4300	25.492354	0.0	2146120	1487	4.3
1591488142.93	4300	8.886007	0.0	2108491	1793	4.3
1591488144.25	4300	11.563742	0.0	2184571	1295	4.3
1591488145.52	4300	5.665632	0.0	2121928	1242	4.3
1591488146.84	4300	8.557393	0.0	2219102	1293	4.3
1591488148.35	4300	11.04659	0.0	2124950	1476	4.3
1591488150.06	4300	13.342341	0.0	2246506	1674	4.3
1591488151.75	4300	15.640312	0.0	1961140	1661	4.3
1591488153.2	4300	18.193495	0.0	2155012	1415	4.3
1591488154.05	4300	19.026716	0.0	1433658	809	4.3

1591488154.64	750	4	0.435	668286	397	-1.8705
1591488155.32	1850	7.317849	0.0	957685	636	0.75
1591488155.37	4300	11.274791	0.0	2177073	7	1.8499999999999996
1591488156.75	4300	13.8928	0.0	2160877	1323	4.3
1591488158.21	4300	16.430594	0.0	2233056	1435	4.3
1591488158.71	1850	19.927921	0.0	801058	468	-0.6000000000000001
1591488158.74	300	23.904641	0.0	153295	1	-1.25
1591488160.13	4300	26.513966	0.0	2290172	1327	0.2999999999999998
1591488160.24	300	30.395793	0.0	150710	88	-3.7
1591488160.36	300	34.285078	0.0	139105	76	0.3
1591488160.92	1850	37.716734	0.0	939819	536	0.30000000000000004
1591488161.04	300	41.602704	0.0	156148	96	-1.25
1591488161.16	300	45.485137	0.0	160746	101	0.3
1591488161.28	300	49.364344	0.0	179801	99	0.3
1591488161.51	750	53.130578	0.0	337059	191	0.3
1591488161.55	4300	57.099663	0.0	2152483	9	0.75
1591488163.08	4300	59.738783	0.0	2289689	8	4.3
1591488167.12	4300	59.738712	0.0	2059512	9	4.3
1591488171.15	4300	59.738781	0.0	2220726	9	4.3
1591488174.68	4300	59.988767	0.0	2156729	10	4.3
1591488178.72	4300	59.988831	0.0	2039773	14	4.3
1591488182.76	4300	59.988795	0.0	2176469	11	4.3
1591488186.79	4300	59.98867	0.0	2221506	10	4.3
1591488190.82	4300	59.988787	0.0	2044075	7	4.3
1591488194.85	4300	59.988739	0.0	2186790	8	4.3
1591488198.89	4300	59.988739	0.0	2105231	8	4.3
1591488202.92	4300	59.738754	0.0	2395588	9	4.3
1591488206.95	4300	59.73874	0.0	1972048	8	4.3
1591488210.98	4300	59.738731	0.0	2134614	8	4.3
1591488215.02	4300	59.738751	0.0	2164140	7	4.3
1591488219.05	4300	59.738792	0.0	2113193	9	4.3
1591488223.09	4300	59.738707	0.0	2147852	8	4.3
1591488227.12	4300	59.738767	0.0	2191074	9	4.3
1591488230.66	4300	59.988715	0.0	2286761	8	4.3
1591488234.7	4300	59.988794	0.0	2307787	9	4.3
1591488238.73	4300	59.988777	0.0	2143948	8	4.3
1591488242.76	4300	59.988706	0.0	1919781	10	4.3
1591488246.79	4300	59.988766	0.0	2147467	9	4.3
1591488250.82	4300	59.988799	0.0	2133870	6	4.3
1591488254.85	4300	59.988817	0.0	2146120	7	4.3
1591488258.88	4300	59.98869	0.0	2108491	8	4.3
1591488262.91	4300	59.738688	0.0	2184571	8	4.3
1591488266.95	4300	59.738544	0.0	2121928	8	4.3
1591488270.98	4300	59.738782	0.0	2219102	8	4.3
1591488275.01	4300	59.738684	0.0	2124950	8	4.3
1591488279.04	4300	59.738719	0.0	2246506	11	4.3
1591488283.07	4300	59.738791	0.0	1961140	6	4.3
1591488286.83	4300	59.988789	0.0	2155012	232	4.3
1591488288.85	4300	59.668791	0.0	1433658	7	4.3

1591488288.96	750	4	0.018	668286	3	-0.07740000000000002
1591488289.01	4300	7.951277	0.0	2123065	10	0.75
1591488289.05	4300	11.91675	0.0	2177073	11	4.3
1591488289.08	4300	15.885287	0.0	2160877	8	4.3
1591488289.11	4300	19.853709	0.0	2233056	7	4.3
1591488290.46	4300	22.505663	0.0	1941625	1292	4.3
1591488292.2	4300	24.768403	0.0	2157535	1705	4.3
1591488292.98	1850	27.98767	0.0	1060487	728	-0.6000000000000001
1591488293.57	1850	31.393646	0.0	852833	576	1.85
1591488294.15	1850	34.81687	0.0	913888	520	1.85
1591488294.17	1850	38.794868	0.0	939819	4	1.85
1591488294.21	4300	42.756955	0.0	2102452	14	1.8499999999999996
1591488294.24	4300	46.724873	0.0	2209463	8	4.3
1591488294.27	4300	50.692996	0.0	2275376	8	4.3
1591488294.31	4300	54.659706	0.0	2005399	8	4.3
1591488294.34	4300	58.629037	0.0	2152483	8	4.3
1591488297.38	4300	59.742111	0.0	2289689	12	4.3
1591488301.41	4300	59.742099	0.0	2059512	13	4.3
1591488305.45	4300	59.74208	0.0	2220726	11	4.3
1591488308.98	4300	59.992162	0.0	2156729	9	4.3
1591488313.01	4300	59.992165	0.0	2039773	8	4.3
1591488317.06	4300	59.992195	0.0	2176469	10	4.3
1591488321.1	4300	59.992207	0.0	2221506	12	4.3
1591488325.12	4300	59.992187	0.0	2044075	7	4.3
1591488329.15	4300	59.992199	0.0	2186790	9	4.3
1591488333.18	4300	59.992164	0.0	2105231	6	4.3
1591488337.22	4300	59.992178	0.0	2395588	9	4.3
1591488341.24	4300	59.742183	0.0	1972048	8	4.3
1591488345.27	4300	59.74215	0.0	2134614	7	4.3
1591488349.3	4300	59.742161	0.0	2164140	11	4.3
1591488353.33	4300	59.742144	0.0	2113193	6	4.3
1591488357.36	4300	59.742123	0.0	2147852	8	4.3
